11137279 nlet 15 55 10 9 2555 
11137279 nlet 15 55 10 9 2555 
11137279 nlet 15 55 10 9 2555 
11137279 nlet 15 55 10 9 2555 
11137279 nlet 15 55 10 9 2555 
9 0 0 -2078580432 22010 -2078582912 2055 
9 0 0 82678064 21985 82675584 2055 
9 0 0 -248655568 21862 -248658048 2055 
9 0 0 647549232 22061 647546752 2055 
9 0 0 1177145648 21943 1177143168 2055 
9 0 0 1874415920 21906 1874413440 2055 
9 0 0 751456560 22012 751454080 2055 
9 0 0 394305840 21871 394303360 2055 
9 0 0 -1355718352 22015 -1355720832 2055 
9 0 0 -926588624 22039 -926591104 2055 
9 0 0 975814960 22000 975812480 2055 
9 0 0 -1613913808 21992 -1613916288 2055 
9 0 0 2015699248 22043 2015696768 2055 
